22222222222222222222222222222222222222222222222222222222222222222222222222222222222222222222222222222222222222222222222222222222222222222222222222222222222222222222222222222222222222222222222222222222
21111111111111111111111111211111211111111111211111111111211111111211111111111211111111111111111111111111111111111111111121111111111111111111111111111111111111121111121111121111121111111111111112111112
21111111111111111111111111211111211111111111211111111111211111111211111111111211111111111111111122222222222222222222222121111111111111111111111111111111111111121111121111121111121111111111111112111112
21122222221122222222222222211211222222222211211222222211211222211211222222211222222211222222221121111111111111111111111121121122222222222222222222222222222221121121121121121121121122222222222112112112
21121111111111111111211111111211111111111211211211111111211211211211211111211111111211111111121121222222222222222222222221121121111111111121111121111111121121111121121121121121121121111111111112112112
21121111111111111111211111111211111111111211211211111111211211211211211111211111111211111111121121111111112111111111111111121121111111111121111121111111121121111121121121121121121121111111111112112112
21121122222222222211211222222222222222211211211211222222211211211111211222222222211222222221121121111111112111111111111111121121122222221121121121122221121122222221121121111121111121122222222222112112
21121121111121111111211211111111111111211211111211111111211211211111211111111111211111211121121122222222112112222222222222221121121111121121121121121111121121111121121121111121111121111111111111112112
21121121111121122211211211111111111111211211111211111111211211222222211111111111211111211121121111111112111112111111111111121111121111121111121121121111121121111121121122222222221121111111111111112112
21121121121121111211211211222222222211211222222222222211211211211111211222222222211211211221121111111112111112111111111111121111121121121111121121121122221121121121111111111111121122222222222222222112
21121121121121111211211211211111111111211111111111111111211211211111211211211111111211211111122222222112112222112222222221121122221121122222221121121111111121121121111111111111121121111111111111111112
21121121121122211211211211211111111111211111111111111111211211211211211211211111111211211111121111111112111111112111111111121121111121111111111121121111111121121122222222222221121121111111111111111112
21121121121111111211211211211222222222222222211222222222211211211211211211211222222211222221121111111112111111112111111111121121111121111111111121122222222221121111112111111121121121121122222222222222
21121121121111111222211211211211111133333333211111111111111211211211111111211211111211211111121122222222112222222112222222221121121122222222222221121111111121121111112111111121121121121111111111111112
21121121122222222211111211211211111133333333211111111111111211211211111111211211111211211111121121111111112111111112111111111121121111112111121111121222222121122222112112221121121121121111111111111112
21121121111111111211111211211211222233333333222222222222222211211211222222211211211211211222221121111111112111111112111111111121121111112121121111121211112121111112112112121121121121122222112222222112
21121121111111111211222211211111211233333333211111111111111111211211211111211211211111211111121121122222222112222222112222222221122222112121121122221211112121111112111112121121121121121111112111112112
21121122222222211211211111211111211233333333211111111111111111211211211111211211211111211111121121111111112112111111111111211111121111112121121121111212112122222112111112111121121111121111112111112112
21121111111111211211211111222222211233333333211222222222222222211211211211211222222222222222221121111111112112111111111111211111121111112121121121222212112111112112112222222221121111121122222112112112
21121111111111211211211211111111111233333333111211111211112111111211211211211111111111111111111121122222112112122222222211211222221122222121121121211112112222212112112111111111121122221121211112112112
21122222222211211211211211111111111233333333111211111212112112222211211211211111111111111111111121121111112112121211111111211211111121111121121121212222111111212112112111111111121121111121111112111112
21111111111211211211211222222221122222222222211211211212112111111111211211222221122222222222222221121111112112121211111111211211111121222221121121212111111111212112112112222222221121111121112112111112
21111111111211211211211111111121111111111111211211211222112112222211211211111111121111111121111111121122222112121211222222211211222221211111121121112122222222211112112112111111111121122222222222222222
22222222211211211211211111111122222222222221211211211111112111111211211211111111121111111121111111121121111112121211111111211211211111211111121121112111111111111112112112111111111121121111111111111112
21111111111211111211222222221121111111111111211211211111112111111211211222222222222222221121122222221121111112121211111111211211211222211222221122222222222222222222112112112222222221121222222222222212
21111111111211111211111111121121222222222222211211222222112222211211211211111211111111121121111112111121122222121222222211211211211211111211111111111111111111111111112112112111111111121211111111111212
21222222222222222211111111121121111111111111111211111112111111111211211211111211111111121121111112121121121111121211111211211211211211111211111111111111111111111111112112112111111111121212222222221212
21211111111111111211222221121121111111111111111211111112111111111211211211211211222221121122222112122221121222221211111211211211211211222211222222222222222222222222222112112112222222221211111111121212
21211111111111111211211111121122222222222222222222222112222222222211211211211211211121121121111112111111121211111211211211211211211211111111111111111111112111111111111112112112111112111222222222221212
21212222211222211211211111121111111111121111111111112112111111111111211111211111212221121121111112222222221222221211211211211211211222222222222222222222222111111111111112112112111112111111111111111212
21212111111111211211211222221111111111121111111111112112111111111111211111211111211111121121122222111111111111111211211111211211211211111111133333333111111112222222222222112111112112222222222222222212
21112111111111211211211211122222222221121122222112112112222222222222222222222222222221121121111112111111111111111211211111211211211211111111133333333111111112111111111111112111112111111111111111111112
22222112222222211211211211111111111121121121111112111112111111111111111111121111111121121121111112222222222222221211222222211211211211222222233333333222222222112222222222222222222112222222222222222222
21111112111111111211211211111111111121121121111112111112111111111111111111121111111121121122222112111111111111121211111111111211111211211111233333333211111211112111111111111111111112111111111111111112
21111112111111111211211111211222221121121121122222222222222112222222222221121121121121121121111112111111111111121211111111111211111211211111233333333211111211112111111111111111111112111111111111111112
22222222112222222211211111211211111121121121111111111111112112111112111121121121121121121121111112112222222221122222222222222222222211211211233333333211211211222112222222222222222112112222222222222112
21111111111111111111222222211211111121121121111111111111112112111112111121121121121121121122222222112111111111111111111111111111111211211211233333333111211211112112111111111111111112111111211111112112
21111111111111111111211111111211222221121122222222222222112112112112112121121121121121121121111111112111111111111111111111111111111211211211233333333111211211112112111111111111111112111111211111112112
21122222222222222222222222222211111121111111111111111112112112112112222121121121121121121121111111112112222222222222222222222222211211211211222222222222211222112112112222222222222222222211211222112112
21121111111111111211111211111211111121111111111111111112112111112111111121121121121121121121122222222112111111111111111211111111111211211211111111111111111211112112111111111111111111111211211211112112
21121111111111111211111211111222222222222222222222222112112111112111111121121121121121111121111111112112111111111111111211111111111211211211111111111111111211112112111111111111111111111211211211112112
21121121122222211211211211211211112111112111112111112112112112222222222221121121121121111121111111112112112222222222211211222222222211211222222222222222222211222112222222222222222222211211211211222114
21121121121111111211211211211212212111112111112111112112112112111111111111121121121122222222222222112112112111111111111211111111111111211111111211111111111111112111111111111111111211111211211211112114
21121121121111111211211211211212112112112112112112112112112112111111111111121121121111111111111112112112112111111111111211111111111111211111111211111111111111112111111111111111111211111211211211112114
21121121121122222211211211211212112112112112112112112112112222112222222222221121121111111111111112112112112112222222222222222222222222222222211211222222222222222222222222222222211211222211211222112114
21121121121111111111211111211212222112112112111112111112111112111111121111111121122222222222222112112112112112111111111111111211111111111111211211111111111111111111211211111111211211111211211211112114
21121121121111111111211111211211111112111112111112111112111112111111121111111121121111112111112112112112112112111111111111111211111111111111211211111111111111111111211211111111211211111211211211112114
21121121122222222222222222211211111112111112112222222222222112222221121122222221121111112111112112112112112112112222222222211222222222222211211222222222222222222211211211211211211222211211211222222222
21121121121111111111111111111222222222222222112111111111111112111111121121111111121112112112112112112112112112111112111111211211111111111111211111111111111111111211211211211211211211111211211111111112
21121121121111111111111111111211111111111111112111111111111112111111121121111111121112112112112112111112112112111112111111211211111111111111211111111111111111111211111211211211211211111211211111111112
21111121121122222222222222222211222222222222222112222222222222112222221121122222222222112112112112111112112112112112112211211211222222222222222222222211222222211211111211211211211222222211211222112112
21111121121121111111111111111111111111111111112111111111111111111111121121121111111112112112112112222222112112112112112111211211111211111211111211111211211111211222222211211211211211111211211112112112
22222221121121111111111111111111111111111111112111111111111111111111121121121111111112111112111111111111112111112111112111211211111211111211111211111211211111211111111111211211211211111211211112112112
21111111121121122222222222222222222222222222112222222112222222222221121121121121122222111112111111111111112111112111112111211211211211211211211211211211211211211111111111211211211211211211222222112112
21111111121121111121111121111111111111112112111111112112111111111111121121121121111112222222222222222222222222222222222222211211211211211211211211211211211211222222222222211211211211211211211111112112
21122222221121111121111121111111111111112112111111112112111111111111121121121121111112111111111111211111211111211111211111211211211211211211211211211211211211111111111111211211222211211211211111112112
21111111121121121121121121122222222222112112222222112112222222222222221121121122222112111111111111211111211111211111211111211211211111211111211211211211211211111111111111211211111111211211211222222112
21111111121121121111121111121111111111112111111111112111111111111111111121111121111112112222222211211211211211211211211211211211211111211111211211211211211222222222222222211211111111211211211111111112
22222221121121121111121111121111111111112111111111112111111111111111111121111121111112112111111211211211211211211211211211211211211222222222211211211211211211111111111111211222222222211211211111111112
21111111121121122222222222222222222222222222222222222222222222222222222222222222222222112111111211211211211211211211211211211211211111112111111211211211211211111111111111211111111111211211211222222112
21111111121121121111121112111112111111111111111111112111111111111111111111121111111111112112222211111211111211111211111211111211211111112111111211211211211211222222222211211111111111211211211111112112
21122222221121121111121112111112111111111111111111112111111111111111111111121111111111112112111211111211111211111211111211111211222222112112222211211211211211211111211211222222211211211211211111112112
21121111111121111121111112112112112222112112222222112112112222222222222221121122222222112112111222222222222222222222222222211211211111112112111111211211211211211111211211111111111211211211222222222112
21121111111121111121111112112112112112112112111111112112112111111121111121121121111112111112111111111112111112111111111111111211211111112112111111211211211211211211211211111111111211211211111111111112
21122222222222222222222112112112112112112112111111112112112111111121111121121121111112111112111111111112111112111111111111111211211222222222112222211211211211211211211211222222222211211211111111111112
21121111121111121111111112112112112112112112112222222222112112221121121121121122222112222222222222222112112112112112112222222211211111111112112111111211111211111211111211111111111211211222222222222112
21121111121111121111111112112112112112112112112111111111112111121111121111121111111112111111111111112112112112112112111111111211211111111112112111111211111211111211111211111111111211111111111111111112
21121121121121121122222222112112112112112112112111111111112111121111121111121111111112111111111111112112112112112112111111111211222222222112112222222222222222222222222222222211211211111111111111111112
21121121121121121111111111112112112111112112112222222222112112222222222222222222222222222222222222111111112111112112222222211211111111112112111111111111111111112111111211111211211211222222222222222112
21121121121121121111111111112112112111112112111111111111112112111111111111111111112111111111112111111111112111112112111111211211111111112112111111111111111111112111111211111211211211111112112111112112
21121121111121122222222222222112112222222112111111111111112112122222222222222222212122222222212122211122222222112112111111211222222222112112222222222222222222112112211211211211211211111112112111112112
21121121111121121111111111111112112111111112222222222222222112111111111111111111212121111111212121111111111111112112112211211111111112112111111111111111111112112112111211211211211222222112112112112112
21121122222221121111111111111112112111111112112111112111112112111111111111111111212122222221212121111111111111112112111211211111111112112111111111111111111112112112111211211211211211111112112112112112
21121111111121121222222222222222112112222222112111112111112112222222222222222211212111111111212121122222222112222112111211222222222112112222222222222222222112112112112211211211211211111112112112112112
21121111111121121111111111211111112111111112111112111112111112111111111111111111212222222221212121121111111112112112111211111111111112112111112111112111112112112112111111211111211211222222112112222112
21122222221121122222222211211111112111111112111112111112111112111111111111111111211111111111211121121111111112112112111211111111111112112111112111112111112112112112111111211111211211111111112111111112
21121111111121111111111211212222222222222222222222222222222222112222222222222222222222222222222221121122222222112112222222222222222222112112112112112112112222112112222222222222211211111111112111111112
21121111111121111111111211212111112111111111111211111111111111112111111111112111112111112111111121121111111111112111111111111111111112111112111112111112111111112111111111111111111222222222222222222212
21121122222222222222211211212111112111111111111211111111111111112111111111112111112111112111111121121111111111112111111111111111111112111112111112111112111111112111111111111111111111111111111111111112
21111111111111111111211211212112112112222222211211222222221122222112222112112112112112112112221121122222222222222222222222222222222112222222222222222222222222112222222222222222222222222222222222222222
21111111111111111111211211212112112111111111211211111111121111111112111112112112112112112112111121111111111111111111111111112111112111111111111111111111111112111112111111111111111111211111211111111112
22222222222222222211211211212112112111111111211211111111121111111112111112112112112112112222111121122222222222222222222222212111112111111111111111111111111112111112111111111111111111211111211111111112
21111111111111211111211211212112112222211211211222221121121122222222112222112112111112111111111121111111111111111111111111212112112112222222222222222222222112112112112222222222222211211211211222222222
21111111111111211111211211212112111111111211211111111121121111111111112111112112111112111111111121111111111111111111111111212112112111111111111121111111112112112112112111111111111211211211111211111112
21122222211211211211211211212112111111111211211111111121121111111111112111112112222112222222222222222222222222222222222211212112112111111111111121111111112112112111112111111111111211211211111211111112
21121111111211111211211211112112222222211211222222222221121122222222222112222111112112111112111112111111111211111211111211212112112222222222221121122222222112112111112222222222211211211222222211222112
21121111111211111211211211112111111111111211111111111121111121111111111111111111112112111112111112111111111211111211111211212112112111111121111121111111111112112222222111111111211211111111211111211112
21122222222222222211222222222111111111111211111111111121111121111111111111111112112112112112112112112222211211211211211211212112111111111121111121111111111112112111112111111111211211111111211111211112
21121111111111111111211111112112222222222222222222222222222221122222222222222222112112112112112112112111111211211211211211212112111112221121121121122222222222112111112112222211211222222211211222222222
21121222222222222222212222212112111112111111111121111111111111121111121111111111112112112111112112112111111211211211211211212112222111121111121121121111111111112112112111111211211111111111211211111112
21121111111111111111212111112112111112111111111121111111111111121111121111111111112112112111112112112112222211211211211211212111112111121111121121121111111111112112112111111211211111111111211211111112
21122222222222222211212112222112111112112222211121122222222222221121121121122222222112112222222222112112111111211211211111212111112222222222221121122222222211222112112222211211222222112222211211222112
21111111121111111211212112111112112112112111111121111111111111121121121121111211111112112111112111112112111111211211211111212222112111111111111121111111111211111112112111111211111111111111111211211112
21111111121111111211212112111112112112112111111121111111111111121121121121111211111112112111112111112112112112211211222222212111112111111111111121111111111211111112112111111211111111111111111211211112
22222221121222211211112112112112112112112112222222222222222221121121121122211211222222112112112112222112112112111211111111212111112112222222222222222222211222222222112112222222222222222222222211211222
21111121121211211222222112112111112111112111111121111121111111121121121121111211111111112112112112111112112112111211111111212112222112111111111111111111211211111111112111111111111111111111111111211112
21111121121221211111112112112111112111112111111121111121111111121121121121111211111111112112112112111112112112222222222211212111112112111111111111111111211211111111112111111111111111111111111111211112
21121121121111211111112112112222222222222222222221121121122222221121121121122222222222222112112112112112222112111111111211212111112112112222222222222222211211222222112222222222222222222222222112222222
21121121122222222222112112111111111111111111111111121121111111111121121121111111111111111112111112112111111112122222221211222222112112112111111111111111111211211112112112111111111112112111112112111112
21121121121111111111112112111111111111111111111111121121111111111121121121111111111111111112111112112111111112121111121211211111111112111111111111111111111211211112112112111111111112112111112112111112
21121121121111111111112112112222222222222222222222221122222222222221121122222211222222222222222222112222222222121111121211211111111112111111222222222222222211211222112112112222112112112112112112112112
21121121121122222222222112111112111112111111111111121111111111111111121111111211111111111112111112111111111111121121121211211222222222222211211211111111111111211111112112112112112112111112112112112112
21121121121121111111111112111112111112111111111111121111111111111111121111111211111111111112111112112222222222221121121211211111111111111211211211111111111111211111112112112112112112111112112112112112
21121121121121111111111112112112112112112122222222222222222222222222222222211211222222222112112112112111111111111121121211211111111111111211211222222222222222211222222112112112112112222222112112112112
21121121121121122222222222112112112112112121121121111211111211111111111111111211211111111112112111112111111111111121121211222222222222211211211211111111111111211111111112111112112112111111111112112112
21121121111121121111111111112111112111112121121121111111111211111111111111111211211111111112112111112112222222222221121211111111133333333211211211111111111111211111111112111112112112111111111112112112
21121121111121121111111111112111112111112121121121111111211211222222221122222211211222222222112222222112111111111111121211111111133333333211211211222222222211211211222222222222112112112222222222112112
21121122222221121122222222222222222222222121121121122222211211111111121111111111211211111111112111111112122222222222221222222222233333333211211211211111211111211211211111111111112112112111111111112112
21121111111111121111111111111111112111111121121121111111211211111111121111111111211211111111112111111112111111111111111111111111233333333211211211211111211111211211211111111111112112112111111111112112
21121111111111121111111111111111112122222221121121111111211222222221122222222222211211222222222222222222222222222222222211111111233333333211211211211211211211211211211222222222222112112222222222222112
21122222222222221122222222222222112111111111121122222211211111111111121111111111111211211111111211111111111111111111111211211211233333333211211211111211111211111211111211111111111112111111111111111112
21121111111111111121111111111112112222222222221111111211211111111111121111111111111211211111111211111111111111111111111211211211233333333211211211111211111211111211111211111111111112111111111111111112
21121111111111111121111111111112111111111111121111111211211222222222222222222222222211211222211211222222211222222222211211211211233333333211211222222222222222222222222222222222222222222222222222222222
21121122222222222222222222222112222222222222122222211211211211111112111112111112111111211211111211211111211211111111111211211211222222222211211211111211111111111111211111211111111111111111111111111112
21121121111111111111111111112111111111111112111111211111211211111112111112111112111111211211111211211111111211111111111211211211111111111111211211111211111111111111211111211111111111111111111111111112
21121121111111111111111111112111111111111112111111211111211211211112112112112112112222211211211211211211111211222222222211211211111111111111211211211211222222222211211211211222222222222222222222222112
21121111122222221122222222112112222222222112222211222222211211222222112112112112111111111211211211211222222211211111111211211222222221122222211211211211211111111111211211211211111111111111111111112112
21121111121111111121111111111112111111111111111111211111111211111111112111112111111111111211211111211211111211211111111211211111111121111111111111211211211111111111211211211211111111111111111111112112
21122222221111111121111111111112111111111111111111211111111211111111112111112111112112222211211111211211111211211222211211211111111121111111111111211211211222222222211211211222222222222222221122112112
21111111222222222221122222222222112222222222222222211222222211211222222222222112222112111211222222211211222211211211211211222222221122222222222222211211211111111211211211211111111111111111121121112112
21111111111211111121121111111111112111111111111211111211111111211211211111111112112112121211211111111211211111211211211211211111121121111111111211111211211111111211211211211111111111111111121121112112
22222211111211111121121111111111112111111111111211111211111111211211211111111112112112121211211111111211211111211211211211211111121121111111111211111211222222211211211211222222222222222221121121112112
21111111211211211121121122222222222112222222211211222211222211211211211222222222112112121211211222222211211222211211211211222221121121122222211211211211211111111211211211111111111111111111121122222112
21111111211211211121121111111111111112111111111211211111211211211211211111111111112111121211211111111111211111111211111211111121121121121111211211211111211111111211211211111111111111111111121111111112
21122222211211222221121111111111111112111111111211211111211211211211211111111111112111121211211111111111211111111211111211111121121121121111211211211111211222222211211222222222222222221121121111111112
21121111111211111121122222222222222222222222222211222222211211211211222222222222222222221211222222222222222222222222222222221121121121121211211211222222211211111211211111111111111111121122222222222222
21121111111211111121111111111121111112111111111211111211111211211211111111111211111111111211111111211111111111111111111111121121121121122211211211211111111211111211211111111111111111121121111111111112
21121122222222221121111111111121111112111111111211111211111211211211111111111211111111111211111111211111111111111111111111121121121121111111211211211111111211211211222222222222222221121121111111111112
21121121111111111121122222221122222112112222222211211211211211211222222222211211211222222222222211211222222222222222222221121121121121111111211211222222222211211211111111111111111121122221122222222112
21121121111111111121121111121111111112111111111111211211211111211111111111111211211111211111111111211211111111111111111121121121121122222211211211111211111211211211111111111111111121111111121111112112
21121121122222222221121111121111111112111111111111211211211111211111111111111211211111211111111111211211111111111111111121121121111111111211211211111211111211211222222222222222221121111111121111112112
21121121121111111111121121122222222112222222222222211211222222222222222222211211222211211222211222211211211222222222221121121121111111111211211211211111211111211111111111111111111122222221121122112112
21121121121111111111121121111112112112111111111111111211111111111111211111211211211211211211211211111211211211111111121121121222222222211211211211211111211111211111111111111111111121111121121121112112
21121121121122222222221121111112112112111111111111111211111111111111211111211211211211211211211211111211211211111111121121121211111111211222211211222222222222222222222222222222222221111121121122222112
21121121121121111111121122222112112112112222222222222222222211222211211211111211211211211211211211222211211211222221121121121211111111211111111211111111111111111121111121111111111121121121121111112112
21121121121121111111121121111112112112112111111111111211111111211211211211111211211211211211211211211111211211211121111121121211211211211111111211111111111111111121111121111111111121121121121111112112
21121111121121122221121121111112112112112111111111111211111111211211211222222211211211211211211211211111211211211121111121121211211211222222222222222222222222221121121121122222221121121121122222112112
21121111121121121121121121122222112112112112222112111211222211211211211111111111211111111211211211211222211211221122222221121211211211111111111111111111111111121121121121121111121121121111121111112112
21122222221121121121121121121112112112112111112112111211211111211211211111111111211111111211211211211111111211111111111121121111211211111111111111111111111111121121121121121111121121121111121111112112
21111111111121121121121121121112112112112111112112222211211111211211211222222222222222222211211211211111111211111111111121122222211222222222222222222222222221121121121121121121121121122222221122222222
21111111111121111121111121111112112112112111112111111211211222211111211211111111111111111111111211211222211222222222221121111111111211111111111111111111111121121121121121121121121111111111111111111112
22222221121121111121111121111112112112112112112111111211211211211111211211111111111111111111111211211211111111111111121121111111111211111111111111111111111121121111121111121121121111111111111111111112
21111121121122222221122222222222112112112112112222211211211211222222211211222222222222211222222211211211111111111111121121122222222211222222222222222222221121121111121111121121122222222222222222222112
21111121121111111121121111111111112112112112111111111211211211211111111211211111111111211211111211111211222222222221121121121111111111111111111111111111121121122222222221121121121111121111121111112112
21121121121111111121121111111111112112112112111111111211211211211111111211211111111111211211111211111211211111111121121121121111111111111111111111111111121121121111111121121121121111121111121111112112
21121121122222221121121122222222222112112112222222222211211211211222222211211222222211211211211222222211211111111121121121121122221122222222222222222221121121121111111121121121111121121121121122112112
21121121111111121121121111111111111111111111112111111211211211211211111111211111111211211211211211111211211222221121121121121121121121111111111111111111121121121122221121121121111121121121121121112112
21121121111111121121121111111111111111111111112111111211211211211211111111211111111211211211211211111211211211121121121121121121121121222222222222222221121121121121111121121122222222221121111121112112
21121122222221121121122222222222222222222222112112211211211211211211222222222222211211111211211211211211211211121121121121121121121121211111111111111121121121121121111121121111111111121121111121112112
21121111111121121121121111111112111112111112112111211211211211211211211111211111211211111211211211211211211211121121121121111121121121211111111111111121121121121121122221121111111111121122222222222112
21121111111121121121121111111112111112111112112111211111211111111211211111211111211222222211211211211211211211221121121121111121121121211222222222222222222221121121121111122222222221121111111111112112
21122222222221121121121122222112112112112112112111211111211111111211211211211211211211111111211211211211111211111121121122222221121121211111112111211121112111121121121111121111121121121111111111112112
21111111111121121111121111112111112112112112112222222222222222222211211211211211211211111111211211211211111211111121121121111121121121211111112121212121212121121121122222221111121121122222222222112112
21111111111121121111121111112111112112112112111111111111111111111211211211211211211222222222211222211222222222222222221121111121121121222222212121212121212121121121111111121121121121111111111112112222
21122222221121122222222222222222222112112112111111111111111111111211211211211211211111111111111211111111112111112111111121121121121121111111112121212121212121121121111111121121121121111111111112112112
21121111111121111111111111111111112112112112222222222222222222222211211211211211211111111111111211111111112111112111111121121121121122222222212121212121212121121121122221121121121122222222222112112112
21121111111121111111111111111111112112112112111112111111211111111111211211211211211222222222222211222222112112112112222221121121121111111111112121212121212121121121121111121121121111111111112112112112
21122222222222222222222222222222112112112112111112111111211111111111211211111211211111111111111111111112112112112111111111121121121111111111112121112111211121121121121111121121121111111111112112112112
21111111111111112111111111111112112111112111112111112111211222222222211211111211211111111111111111111112112112112111111111121121122222222222222122222222222222222221121122221121122222222222112112112112
21122222222111112111111111111112112111112111112111112111211111111111111211222222222222222222222222222112112112112211222222221121121111111111112111111111121111111111121111111121111111111111112112111112
21121111112112112112222222222112112112222222222222222222211111111111111211111111111111111111111111112112111112111111211111111121121111111111112111111111121111111111121111111121111111111111112112111112
21121111112112112112111111111112112111111111111112111111211222222222222211222222222222222222222222212112111112111111211111111121121121122222222222222221121121122222222222222222222222222222222112222112
21121122112222112112111111111112112111111111111112122221211211111111111111211111111111111111111111212112222222222222211222222221121121111111111111121111121121121111111111121111111112111111111111111112
21121121111111112112112222222222112222222222222112121121211211111111111111211111111111111111111111212112111111111111211211111111121121111111111111121111121121121111111111121111111112111111111111111112
21121121111111112112112333333331112111111111111112121121211211122222222222211222222222222222222211212112111111111111211211111111121122222222222221121121121121122222222221121122222112112112222222222222
21121122222222222112112333333331112111111111111112121121211211111111111111111211111111111211111211212112112222222211211211222222221121111121111121121121121121111111111121121111112111112111111112111112
21111111111111112112112333333332222112222222222222121121211211111111111111111211111111111211111211212112112111111211211211211111111121111121111121121121121121111111111121121111112111112111111112111112
21111111111111112112112333333332111112111111111111121121211222222221122222222211222222211211211211212112112121121211211211211111111121121111121121121121121122222222221121122222222222222222112112112112
22222222222222112112112333333332111112222222222222221121211111111121121111111111111111211111211111212112112121121211211211211222222221121111121121121121121111111111121121111111111111111111112111112112
21111111111111112112112333333332222111111111111111111121211111111121121111111111111111211111211111212111112121121211211211211211111122222222221121121121121111111111121121111111111111111111112111112112
21111111111111112112112333333331112111111111111111111121211222221121122222222222222222222222222222212111112121121211211211211211111121111111111121121121122222222221121122222222222222222222222222222112
21122221122222222222112333333331112112222222222222222221211111121121111111112111111111111111111111212222222121121211211211211211211121111111111121121121111111111121121121111111111111111111111111111112
21111121121111111111112112222112112111111211111211111111211111121121111111112111111111111111111111211111111121121111211211211211222221122222222221121121111111111121121121111111111111111111111111111112
21111121121111111111112112111112112111111211111211222222222221121122222222212112222222222222222211222222222221122211211211211211111111112111111111121122221122221121121121122222222222222222222112222222
21121121121122222222112112111112112222211211211211211111111111121111111111212111111111111111111211111111121111121211211211211211111111112111111111121111121121121122221121121111111111111121111112111112
21121121121111111112112112112222111111111111211111211111111111121111111111212111111111111111111211111111121111121211211211211222222222112222222222221111121121121121111121121111111111111121111112111112
21121121121111111112112112112112111111111111211111211222222222222222222211212222222222222222222222221121121121121211211211211111111112111111111111111121111121121121111121121122222222221122222112112112
21121122222222222112112112112112222222222222222222211211111111111111111111212111111111112111121111121121111121121211211211211111111112111111111111111121111121121121122221121123333333321121111112112112
21121121111111111112112112111111111112111111111111211211111111111111111111212111111111112111121111121121111121121211211211222222222112222222222222222222222221121111111111111123333333321121111112112112
21121121111111111112112112111111111112222222222211211211222222112222222222212112222222112111121121121122222221121211211111211111111112111111111112111111111111121111111111111123333333311121122222112112
21121121122222222222112112222211222112111111111111211211211111112111111111112111111112112111111121111121111111121211211111211111111112111111111112111111111111121122222222222223333333311121111111112112
21121121121111111111112111111211211112122222222222211211211111112111111111112111111112112111111121111121111111121211222222211222222222112222222112112222222222221121121111111113333333322221111111112112
21121121121111111111112111111211211112111111111111211211211222222222222222222112222112112112222222222221122222221211111111111112111112111111112112111111111111111121121111111113333333311122222222222112
21121121121122222222222222211211222222222222222221211211211211111111112111112112112112112111111111111121111111121211111111111112111112111111112112111111111111111121121122222223333333311121111111111112
21121121121121111111111111211211111111111111111111211211211211111111112111112112112112112111111111111121111111121222222222112112112112222222112112222222222222222221121121111123333333321121111111111112
21121121121121111111111111211222222222222222222222211211211211222222112112112112112112112222222222221122222221121211111111112111112111111111112111111111111111111111121121111122222222221121122222222222
21121121121121121122222211211211111111111111211111111211211211211111112112112111112112111111111111111121111111121211111111112111112111111111112111111111111111111111121121121121111111111121111111111112
21121111121121121121111111211211111111111111211111111211211211211111112112112111112112111111111111111121111111121211222222222112222222222222222222222222222222222222221121121121111111111121111111111112
21121111121121121121111111211212222222222211211222222211111111211222222112112222222222112222222222221121112222221211111111112111111111111111111111111111111111121111121111121121122222222222222222222112
22222222221121121121122222211211111111111211211211111211111111211111111112112111111112112111111211111121111111121211111111112111111111111111111111111111111111121111121111121121121111111112111112111112
21111111111121121121111111211211111111111211211211111222222222211111111112112111111112112111111211111121111111121222222222112222222222222222222222222222222221121121122222221121121111111112111112111112
21111111111121121121111111211212222222221211211211211211111111222222222222112112222222112112222211222222222221121211111111112111111111111121111121111111111121121121121111111121121122222112112112112112
21122222222221121122222211211212111111111211211211211211111111211211111211112111111111112111111111211111111121121211111111112111111111111121111121111111111121121121121111111121121121112112112112112112
21111111111111121111111211211212121222222211211211211211222211211211111211112111111111112111111111211111111121121211222222222112222222221121121121122222221121121121121122222221121121112112112112112112
21111111111111121111111211211112121211111111211211211211111211211211211211222222222222222222222222211222221121121211211111211111121111111121121121121111111121111121121111111121121122112111112111112112
22222222222222222222221211211112121211111111211211211211111211211211211211111111111111111111111111111211121111111211211111211111121111111121121121121111111121111121121111111121121111112111112111112112
21111111111111111111121211222222221211222222211211211222222211211211211211111111111111111111111111111212121111111211211211222221121122222221121121121122222222222221122222221121122222222222222222222112
21222222222222222222221211111111111211111111111111211111111111211111211111222222222222222222222222222212122222221211111211111111121111111111121111121111111111111121111111111121111111111111111111111112
21111111111111111111111211111111111211111111111111211111111111211111211111111111111111111111111111111112111111111211111211111111121111111111121111121111111111111121111111111121111111111111111111111112
22222222222222222222222222222222222222222222222222222222222222222222222222222222222222222222222222222222222222222222222222222222222222222222222222222222222222222222222222222222222222222222222222222222
